# z; xe; Te
1.000000000000000021e-03 1.727464900000000097e-04 2.182318269999999893e-02
5.060404040000000547e-01 1.748430700000000112e-04 4.939115639999999696e-02
1.011080809999999941e+00 1.769157930000000122e-04 8.804935519999999849e-02
1.516121210000000108e+00 1.788357370000000007e-04 1.377827199999999974e-01
2.021161619999999992e+00 1.805926289999999887e-04 1.985741719999999932e-01
2.526202019999999937e+00 1.822060710000000111e-04 2.704048039999999986e-01
3.031242419999999882e+00 1.836986870000000081e-04 3.532540129999999778e-01
3.536282830000000210e+00 1.850899990000000090e-04 4.470996099999999807e-01
4.041323229999999711e+00 1.863957699999999930e-04 5.519179250000000314e-01
4.546363640000000039e+00 1.876285510000000073e-04 6.676839020000000513e-01
5.051404040000000428e+00 1.887983720000000084e-04 7.943711770000000394e-01
5.556444439999999929e+00 1.899133269999999903e-04 9.319521499999999792e-01
6.061484850000000257e+00 1.909800199999999923e-04 1.080398050000000110e+00
6.566525249999999758e+00 1.920039060000000098e-04 1.239679009999999915e+00
7.071565660000000086e+00 1.929895359999999910e-04 1.409764079999999975e+00
7.576606059999999587e+00 1.939407469999999999e-04 1.590621309999999955e+00
8.081646459999999976e+00 1.948608080000000116e-04 1.782217820000000064e+00
8.586686869999999416e+00 1.957525240000000124e-04 1.984519759999999966e+00
9.091727269999999805e+00 1.966183199999999888e-04 2.197492439999999991e+00
9.596767679999999245e+00 1.974603110000000008e-04 2.421100309999999922e+00
1.010180809999999951e+01 1.982803530000000047e-04 2.655307010000000023e+00
1.060684849999999990e+01 1.990800829999999917e-04 2.900075419999999848e+00
1.111188890000000029e+01 1.998609529999999875e-04 3.155367660000000019e+00
1.161692930000000068e+01 2.006242579999999946e-04 3.421145160000000018e+00
1.212196969999999929e+01 2.013711580000000128e-04 3.697368650000000034e+00
1.262701009999999968e+01 2.021026969999999904e-04 3.983998199999999823e+00
1.313205050000000007e+01 2.028198180000000085e-04 4.280993259999999800e+00
1.363709090000000046e+01 2.035233760000000115e-04 4.588312669999999649e+00
1.414213130000000085e+01 2.042141490000000078e-04 4.905914690000000355e+00
1.464717169999999946e+01 2.048928470000000064e-04 5.233757019999999649e+00
1.515221209999999985e+01 2.055601210000000082e-04 5.571796820000000316e+00
1.565725250000000024e+01 2.062165659999999937e-04 5.919990740000000251e+00
1.616229290000000063e+01 2.068627330000000111e-04 6.278294930000000384e+00
1.666733329999999924e+01 2.074991290000000130e-04 6.646665070000000064e+00
1.717237370000000141e+01 2.081262239999999918e-04 7.025056389999999595e+00
1.767741410000000002e+01 2.087444510000000062e-04 7.413423660000000304e+00
1.818245449999999863e+01 2.093542139999999868e-04 7.811721249999999728e+00
1.868749490000000080e+01 2.099558919999999914e-04 8.219903139999999553e+00
1.919253540000000058e+01 2.105498330000000117e-04 8.637922890000000464e+00
1.969757579999999919e+01 2.111363670000000032e-04 9.065733720000000773e+00
2.020261620000000136e+01 2.117157989999999938e-04 9.503288500000000028e+00
2.070765659999999997e+01 2.122884179999999944e-04 9.950539729999999139e+00
2.121269699999999858e+01 2.128544940000000102e-04 1.040743960000000001e+01
2.171773740000000075e+01 2.134142810000000021e-04 1.087394010000000044e+01
2.222277779999999936e+01 2.139680169999999949e-04 1.134999269999999960e+01
2.272781820000000153e+01 2.145159290000000032e-04 1.183554870000000037e+01
2.323285860000000014e+01 2.150582289999999929e-04 1.233055929999999911e+01
2.373789899999999875e+01 2.155951189999999972e-04 1.283497529999999998e+01
2.424293940000000092e+01 2.161267889999999886e-04 1.334874710000000064e+01
2.474797979999999953e+01 2.166534200000000030e-04 1.387182519999999997e+01
2.525302020000000169e+01 2.171751830000000075e-04 1.440415950000000045e+01
2.575806060000000031e+01 2.176922400000000054e-04 1.494570019999999921e+01
2.626310099999999892e+01 2.182047469999999966e-04 1.549639679999999942e+01
2.676814140000000108e+01 2.187128499999999942e-04 1.605619899999999944e+01
2.727318179999999970e+01 2.192166890000000080e-04 1.662505609999999834e+01
2.777822219999999831e+01 2.197163969999999943e-04 1.720291720000000169e+01
2.828326260000000048e+01 2.202121030000000069e-04 1.778973159999999964e+01
2.878830299999999909e+01 2.207039270000000001e-04 1.838544800000000023e+01
2.929334340000000125e+01 2.211919859999999941e-04 1.899001540000000077e+01
2.979838379999999987e+01 2.216763910000000063e-04 1.960338229999999982e+01
3.030342419999999848e+01 2.221572479999999925e-04 2.022549730000000068e+01
3.080846460000000064e+01 2.226346590000000060e-04 2.085630899999999954e+01
3.131350510000000043e+01 2.231087210000000116e-04 2.149576569999999975e+01
3.181854549999999904e+01 2.235795290000000090e-04 2.214381559999999993e+01
3.232358589999999765e+01 2.240471719999999952e-04 2.280040710000000104e+01
3.282862630000000337e+01 2.245117370000000018e-04 2.346548819999999935e+01
3.333366670000000198e+01 2.249733059999999994e-04 2.413900710000000061e+01
3.383870710000000059e+01 2.254319589999999936e-04 2.482091180000000108e+01
3.434374749999999921e+01 2.258877730000000020e-04 2.551115030000000061e+01
3.484878789999999782e+01 2.263408210000000039e-04 2.620967059999999904e+01
3.535382830000000354e+01 2.267911760000000058e-04 2.691642069999999975e+01
3.585886870000000215e+01 2.272389050000000110e-04 2.763134840000000025e+01
3.636390910000000076e+01 2.276840739999999997e-04 2.835440170000000037e+01
3.686894949999999938e+01 2.281267469999999874e-04 2.908552849999999879e+01
3.737398989999999799e+01 2.285669869999999932e-04 2.982467670000000126e+01
3.787903029999999660e+01 2.290048510000000062e-04 3.057179430000000053e+01
3.838407070000000232e+01 2.294403990000000036e-04 3.132682919999999882e+01
3.888911110000000093e+01 2.298736839999999905e-04 3.208972930000000190e+01
3.939415149999999954e+01 2.303047619999999869e-04 3.286044259999999895e+01
3.989919189999999816e+01 2.307336830000000099e-04 3.363891720000000163e+01
4.040423229999999677e+01 2.311604989999999874e-04 3.442510109999999912e+01
4.090927270000000249e+01 2.315852570000000025e-04 3.521894249999999715e+01
4.141431310000000110e+01 2.320080059999999949e-04 3.602038939999999911e+01
4.191935349999999971e+01 2.324287900000000058e-04 3.682939009999999769e+01
4.242439389999999833e+01 2.328476539999999907e-04 3.764589289999999977e+01
4.292943429999999694e+01 2.332646409999999948e-04 3.846984619999999921e+01
4.343447470000000266e+01 2.336797930000000128e-04 3.930119820000000175e+01
4.393951520000000244e+01 2.340931499999999933e-04 4.013989759999999762e+01
4.444455560000000105e+01 2.345047509999999974e-04 4.098589299999999724e+01
4.494959599999999966e+01 2.349146350000000047e-04 4.183913290000000273e+01
4.545463639999999828e+01 2.353228390000000028e-04 4.269956609999999841e+01
4.595967679999999689e+01 2.357293979999999876e-04 4.356714159999999936e+01
4.646471720000000261e+01 2.361343480000000048e-04 4.444180810000000292e+01
4.696975760000000122e+01 2.365377220000000039e-04 4.532351489999999927e+01
4.747479799999999983e+01 2.369395550000000076e-04 4.621221090000000231e+01
4.797983839999999844e+01 2.373398770000000046e-04 4.710784569999999860e+01
4.848487879999999706e+01 2.377387209999999986e-04 4.801036880000000195e+01
4.898991920000000277e+01 2.381361170000000050e-04 4.891972940000000136e+01
4.949495960000000139e+01 2.385320950000000126e-04 4.983587690000000237e+01
5.000000000000000000e+01 2.389266790000000066e-04 5.075877880000000175e+01
5.295295300000000083e+01 2.412050969999999974e-04 5.628709549999999950e+01
5.590590590000000049e+01 2.434376229999999980e-04 6.203412589999999938e+01
5.885885890000000131e+01 2.456290679999999747e-04 6.799014959999999519e+01
6.181181180000000097e+01 2.477836470000000261e-04 7.414564889999999764e+01
6.476476479999999469e+01 2.499050840000000169e-04 8.049132439999999633e+01
6.771771769999999435e+01 2.519966840000000224e-04 8.701810790000000395e+01
7.067067070000000228e+01 2.540614019999999987e-04 9.371717280000000017e+01
7.362362360000000194e+01 2.561018910000000242e-04 1.005799430000000001e+02
7.657657659999999566e+01 2.581205440000000238e-04 1.075980969999999957e+02
7.952952949999999532e+01 2.601195310000000002e-04 1.147635769999999980e+02
8.248248250000000326e+01 2.621008290000000226e-04 1.220685869999999937e+02
8.543543540000000291e+01 2.640662429999999800e-04 1.295055959999999970e+02
8.838838839999999664e+01 2.660174299999999736e-04 1.370673419999999965e+02
9.134134129999999629e+01 2.679559180000000234e-04 1.447468250000000012e+02
9.429429430000000423e+01 2.698831139999999826e-04 1.525373089999999934e+02
9.724724720000000389e+01 2.718003279999999834e-04 1.604323180000000093e+02
1.002001999999999953e+02 2.737087720000000077e-04 1.684256349999999998e+02
1.031531530000000032e+02 2.756095820000000157e-04 1.765112939999999924e+02
1.061061059999999969e+02 2.775038150000000122e-04 1.846835790000000088e+02
1.090590590000000049e+02 2.793924659999999787e-04 1.929370179999999948e+02
1.120120119999999986e+02 2.812764699999999738e-04 2.012663760000000082e+02
1.149649650000000065e+02 2.831567050000000129e-04 2.096666500000000042e+02
1.179179180000000002e+02 2.850340050000000161e-04 2.181330639999999903e+02
1.208708709999999940e+02 2.869091569999999828e-04 2.266610619999999869e+02
1.238238240000000019e+02 2.887829070000000223e-04 2.352463019999999858e+02
1.267767769999999956e+02 2.906559689999999919e-04 2.438846479999999985e+02
1.297297299999999893e+02 2.925290190000000095e-04 2.525721639999999866e+02
1.326826829999999973e+02 2.944027059999999754e-04 2.613051100000000133e+02
1.356356360000000052e+02 2.962776490000000183e-04 2.700799309999999878e+02
1.385885890000000131e+02 2.981544439999999794e-04 2.788932530000000156e+02
1.415415419999999926e+02 3.000336620000000165e-04 2.877418749999999932e+02
1.444944940000000031e+02 3.019158529999999918e-04 2.966227640000000179e+02
1.474474470000000110e+02 3.038015490000000023e-04 3.055330470000000105e+02
1.504003999999999905e+02 3.056912620000000079e-04 3.144700070000000096e+02
1.533533529999999985e+02 3.075854900000000243e-04 3.234310740000000237e+02
1.563063060000000064e+02 3.094847140000000271e-04 3.324138179999999920e+02
1.592592589999999859e+02 3.113894029999999852e-04 3.414159480000000144e+02
1.622122119999999938e+02 3.133000119999999780e-04 3.504353019999999788e+02
1.651651650000000018e+02 3.152169850000000203e-04 3.594698430000000258e+02
1.681181180000000097e+02 3.171407560000000041e-04 3.685176500000000033e+02
1.710710709999999892e+02 3.190717469999999781e-04 3.775769189999999753e+02
1.740240239999999972e+02 3.210103750000000106e-04 3.866459530000000200e+02
1.769769770000000051e+02 3.229570469999999932e-04 3.957231580000000122e+02
1.799299300000000130e+02 3.249121610000000162e-04 4.048070379999999773e+02
1.828828829999999925e+02 3.268761110000000230e-04 4.138961909999999875e+02
1.858358360000000005e+02 3.288492839999999852e-04 4.229893059999999991e+02
1.887887890000000084e+02 3.308320620000000027e-04 4.320851519999999937e+02
1.917417419999999879e+02 3.328248219999999785e-04 4.411825840000000198e+02
1.946946949999999958e+02 3.348279350000000023e-04 4.502805290000000014e+02
1.976476480000000038e+02 3.368417720000000011e-04 4.593779890000000137e+02
2.006006010000000117e+02 3.388666969999999841e-04 4.684740350000000149e+02
2.035535539999999912e+02 3.409030740000000147e-04 4.775678019999999719e+02
2.065065069999999992e+02 3.429512620000000137e-04 4.866584869999999796e+02
2.094594590000000096e+02 3.450116200000000102e-04 4.957453449999999862e+02
2.124124119999999891e+02 3.470845039999999912e-04 5.048276890000000208e+02
2.153653649999999971e+02 3.491702699999999979e-04 5.139048810000000458e+02
2.183183180000000050e+02 3.512692730000000212e-04 5.229763349999999491e+02
2.212712710000000129e+02 3.533818650000000098e-04 5.320415090000000191e+02
2.242242239999999924e+02 3.555084020000000050e-04 5.410999090000000251e+02
2.271771770000000004e+02 3.576492360000000097e-04 5.501510789999999815e+02
2.301301300000000083e+02 3.598047230000000108e-04 5.591946040000000266e+02
2.330830829999999878e+02 3.619752170000000032e-04 5.682301069999999754e+02
2.360360359999999957e+02 3.641610739999999739e-04 5.772572420000000193e+02
2.389889890000000037e+02 3.663626520000000104e-04 5.862757010000000264e+02
2.419419420000000116e+02 3.685803089999999831e-04 5.952852030000000241e+02
2.448948949999999911e+02 3.708144060000000217e-04 6.042854969999999639e+02
2.478478479999999990e+02 3.730653059999999768e-04 6.132763589999999567e+02
2.508008010000000070e+02 3.753333750000000120e-04 6.222575920000000451e+02
2.537537539999999865e+02 3.776189800000000164e-04 6.312290219999999863e+02
2.567067069999999944e+02 3.799224920000000253e-04 6.401904960000000528e+02
2.596596599999999739e+02 3.822442860000000039e-04 6.491418840000000046e+02
2.626126130000000103e+02 3.845847380000000219e-04 6.580830750000000080e+02
2.655655659999999898e+02 3.869442290000000206e-04 6.670139769999999544e+02
2.685185190000000262e+02 3.893231460000000257e-04 6.759345140000000356e+02
2.714714710000000082e+02 3.917218760000000088e-04 6.848446269999999458e+02
2.744244239999999877e+02 3.941408140000000177e-04 6.937442720000000236e+02
2.773773770000000241e+02 3.965803569999999841e-04 7.026334180000000060e+02
2.803303300000000036e+02 3.990409089999999740e-04 7.115120480000000498e+02
2.832832829999999831e+02 4.015228789999999797e-04 7.203801560000000563e+02
2.862362360000000194e+02 4.040266789999999810e-04 7.292377490000000080e+02
2.891891889999999989e+02 4.065527299999999763e-04 7.380848409999999831e+02
2.921421419999999785e+02 4.091014560000000061e-04 7.469214600000000246e+02
2.950950950000000148e+02 4.116732900000000207e-04 7.557476400000000467e+02
2.980480479999999943e+02 4.142686690000000086e-04 7.645634229999999434e+02
3.010010009999999738e+02 4.168880389999999768e-04 7.733688600000000406e+02
3.039539540000000102e+02 4.195318500000000243e-04 7.821640089999999645e+02
3.069069069999999897e+02 4.222005609999999977e-04 7.909489330000000109e+02
3.098598600000000260e+02 4.248946399999999784e-04 7.997237010000000055e+02
3.128128130000000056e+02 4.276145610000000241e-04 8.084883899999999812e+02
3.157657659999999851e+02 4.303608059999999976e-04 8.172430769999999711e+02
3.187187190000000214e+02 4.331338669999999932e-04 8.259878479999999854e+02
3.216716720000000009e+02 4.359342420000000265e-04 8.347227910000000293e+02
3.246246249999999804e+02 4.387624410000000113e-04 8.434479979999999841e+02
3.275775780000000168e+02 4.416189809999999960e-04 8.521635629999999537e+02
3.305305309999999963e+02 4.445043909999999809e-04 8.608695840000000317e+02
3.334834829999999783e+02 4.474192079999999888e-04 8.695661629999999604e+02
3.364364360000000147e+02 4.503639799999999984e-04 8.782534020000000510e+02
3.393893889999999942e+02 4.533392659999999985e-04 8.869314050000000407e+02
3.423423419999999737e+02 4.563456359999999885e-04 8.956002799999999979e+02
3.452952950000000101e+02 4.593836719999999738e-04 9.042601329999999962e+02
3.482482479999999896e+02 4.624539649999999781e-04 9.129110759999999800e+02
3.512012010000000259e+02 4.655571220000000155e-04 9.215532170000000178e+02
3.541541540000000055e+02 4.686937610000000017e-04 9.301866670000000568e+02
3.571071069999999850e+02 4.718645120000000215e-04 9.388115400000000363e+02
3.600600600000000213e+02 4.750700199999999913e-04 9.474279470000000174e+02
3.630130130000000008e+02 4.783109429999999923e-04 9.560359999999999445e+02
3.659659659999999803e+02 4.815879539999999917e-04 9.646358119999999872e+02
3.689189190000000167e+02 4.849017390000000130e-04 9.732274969999999712e+02
3.718718719999999962e+02 4.882530020000000080e-04 9.818111659999999574e+02
3.748248249999999757e+02 4.916424610000000349e-04 9.903869329999999991e+02
3.777777780000000121e+02 4.950708499999999799e-04 9.989549100000000408e+02
3.807307309999999916e+02 4.985389219999999781e-04 1.007515210000000025e+03
3.836836840000000279e+02 5.020474449999999967e-04 1.016067940000000021e+03
3.866366370000000074e+02 5.055972070000000311e-04 1.024613209999999981e+03
3.895895899999999870e+02 5.091890120000000129e-04 1.033151139999999941e+03
3.925425430000000233e+02 5.128236850000000065e-04 1.041681829999999991e+03
3.954954950000000053e+02 5.165020709999999966e-04 1.050205390000000079e+03
3.984484479999999849e+02 5.202250340000000002e-04 1.058721919999999955e+03
4.014014010000000212e+02 5.239934599999999465e-04 1.067231549999999970e+03
4.043543540000000007e+02 5.278082579999999980e-04 1.075734359999999924e+03
4.073073069999999802e+02 5.316703570000000205e-04 1.084230469999999968e+03
4.102602600000000166e+02 5.355807109999999966e-04 1.092719980000000078e+03
4.132132129999999961e+02 5.395402980000000301e-04 1.101202990000000000e+03
4.161661659999999756e+02 5.435501210000000163e-04 1.109679599999999937e+03
4.191191190000000120e+02 5.476112079999999674e-04 1.118149920000000066e+03
4.220720719999999915e+02 5.517246140000000047e-04 1.126614029999999957e+03
4.250250250000000278e+02 5.558914220000000291e-04 1.135072049999999990e+03
4.279779780000000073e+02 5.601127420000000506e-04 1.143524059999999963e+03
4.309309309999999869e+02 5.643897169999999471e-04 1.151970170000000053e+03
4.338838840000000232e+02 5.687235180000000268e-04 1.160410460000000057e+03
4.368368370000000027e+02 5.731153450000000486e-04 1.168845029999999952e+03
4.397897899999999822e+02 5.775664339999999524e-04 1.177273969999999963e+03
4.427427430000000186e+02 5.820780569999999682e-04 1.185697370000000092e+03
4.456956959999999981e+02 5.866515209999999692e-04 1.194115320000000111e+03
4.486486489999999776e+02 5.912881650000000261e-04 1.202527910000000020e+03
4.516016020000000140e+02 5.959893609999999693e-04 1.210935220000000072e+03
4.545545549999999935e+02 6.007565249999999952e-04 1.219337350000000015e+03
4.575075079999999730e+02 6.055911259999999805e-04 1.227734369999999899e+03
4.604604600000000119e+02 6.104946790000000513e-04 1.236126359999999977e+03
4.634134129999999914e+02 6.154687150000000533e-04 1.244513410000000022e+03
4.663663660000000277e+02 6.205147859999999649e-04 1.252895600000000059e+03
4.693193190000000072e+02 6.256345160000000190e-04 1.261273010000000113e+03
4.722722719999999867e+02 6.308296509999999609e-04 1.269645719999999983e+03
4.752252250000000231e+02 6.361019939999999588e-04 1.278013789999999972e+03
4.781781780000000026e+02 6.414532570000000024e-04 1.286377320000000054e+03
4.811311309999999821e+02 6.468851440000000048e-04 1.294736360000000104e+03
4.840840840000000185e+02 6.523997359999999992e-04 1.303091010000000097e+03
4.870370369999999980e+02 6.579988589999999533e-04 1.311441319999999905e+03
4.899899899999999775e+02 6.636853180000000432e-04 1.319787379999999985e+03
4.929429430000000139e+02 6.694611250000000353e-04 1.328129230000000007e+03
4.958958959999999934e+02 6.753264919999999501e-04 1.336466959999999972e+03
4.988488489999999729e+02 6.812856059999999707e-04 1.344800619999999981e+03
5.018018020000000092e+02 6.873394590000000363e-04 1.353130280000000084e+03
5.047547549999999887e+02 6.934910309999999488e-04 1.361456020000000080e+03
5.077077080000000251e+02 6.997427640000000336e-04 1.369777900000000045e+03
5.106606610000000046e+02 7.060971769999999830e-04 1.378095970000000079e+03
5.136136139999999841e+02 7.125568760000000092e-04 1.386410309999999981e+03
5.165665669999999636e+02 7.191245519999999846e-04 1.394720960000000105e+03
5.195195200000000568e+02 7.258029899999999483e-04 1.403027990000000045e+03
5.224724720000000389e+02 7.325950670000000052e-04 1.411331470000000081e+03
5.254254250000000184e+02 7.395037619999999612e-04 1.419631440000000111e+03
5.283783779999999979e+02 7.465321569999999697e-04 1.427927959999999985e+03
5.313313309999999774e+02 7.536834409999999731e-04 1.436221090000000004e+03
5.342842839999999569e+02 7.609609179999999966e-04 1.444510880000000043e+03
5.372372370000000501e+02 7.683680070000000395e-04 1.452797389999999950e+03
5.401901900000000296e+02 7.759082540000000272e-04 1.461080670000000055e+03
5.431431430000000091e+02 7.835853310000000325e-04 1.469360770000000002e+03
5.460960959999999886e+02 7.914030440000000260e-04 1.477637739999999894e+03
5.490490489999999681e+02 7.993653409999999532e-04 1.485911630000000059e+03
5.520020019999999477e+02 8.074763180000000358e-04 1.494182489999999916e+03
5.549549550000000409e+02 8.157402229999999961e-04 1.502450370000000021e+03
5.579079080000000204e+02 8.241614669999999896e-04 1.510715320000000020e+03
5.608608609999999999e+02 8.327446290000000426e-04 1.518977370000000064e+03
5.638138139999999794e+02 8.414944640000000201e-04 1.527236589999999978e+03
5.667667669999999589e+02 8.504159130000000198e-04 1.535493009999999913e+03
5.697197200000000521e+02 8.595141100000000187e-04 1.543746669999999995e+03
5.726726730000000316e+02 8.687943930000000458e-04 1.551997630000000072e+03
5.756256260000000111e+02 8.782623130000000384e-04 1.560245910000000094e+03
5.785785789999999906e+02 8.879236450000000140e-04 1.568491569999999911e+03
5.815315319999999701e+02 8.977843980000000312e-04 1.576734639999999899e+03
5.844844839999999522e+02 9.078508290000000249e-04 1.584975169999999935e+03
5.874374370000000454e+02 9.181294509999999914e-04 1.593213189999999940e+03
5.903903900000000249e+02 9.286270510000000245e-04 1.601448740000000043e+03
5.933433430000000044e+02 9.393507009999999468e-04 1.609681859999999915e+03
5.962962959999999839e+02 9.503077720000000124e-04 1.617912589999999909e+03
5.992492489999999634e+02 9.615059519999999676e-04 1.626140959999999950e+03
6.022022020000000566e+02 9.729532609999999668e-04 1.634367009999999937e+03
6.051551550000000361e+02 9.846580659999999707e-04 1.642590779999999995e+03
6.081081080000000156e+02 9.966291039999999792e-04 1.650812290000000075e+03
6.110610609999999951e+02 1.008875499999999960e-03 1.659031580000000076e+03
6.140140139999999747e+02 1.021406780000000012e-03 1.667248689999999897e+03
6.169669669999999542e+02 1.034232900000000037e-03 1.675463639999999941e+03
6.199199200000000474e+02 1.047364289999999989e-03 1.683676470000000108e+03
6.228728730000000269e+02 1.060811829999999982e-03 1.691887210000000096e+03
6.258258260000000064e+02 1.074586900000000077e-03 1.700095880000000079e+03
6.287787789999999859e+02 1.088701450000000015e-03 1.708302529999999933e+03
6.317317319999999654e+02 1.103167950000000057e-03 1.716507170000000087e+03
6.346846849999999449e+02 1.117999479999999980e-03 1.724709830000000011e+03
6.376376380000000381e+02 1.133209739999999901e-03 1.732910550000000057e+03
6.405905910000000176e+02 1.148813110000000042e-03 1.741109349999999949e+03
6.435435439999999971e+02 1.164824629999999936e-03 1.749306250000000091e+03
6.464964959999999792e+02 1.181260119999999903e-03 1.757501289999999926e+03
6.494494489999999587e+02 1.198136150000000087e-03 1.765694480000000112e+03
6.524024020000000519e+02 1.215470140000000053e-03 1.773885839999999916e+03
6.553553550000000314e+02 1.233280370000000049e-03 1.782075419999999895e+03
6.583083080000000109e+02 1.251586039999999901e-03 1.790263210000000072e+03
6.612612609999999904e+02 1.270407340000000032e-03 1.798449260000000095e+03
6.642142139999999699e+02 1.289765509999999922e-03 1.806633569999999963e+03
6.671671669999999494e+02 1.309682850000000020e-03 1.814816180000000031e+03
6.701201200000000426e+02 1.330182870000000059e-03 1.822997090000000071e+03
6.730730730000000221e+02 1.351290279999999965e-03 1.831176339999999982e+03
6.760260260000000017e+02 1.373031110000000029e-03 1.839353929999999991e+03
6.789789789999999812e+02 1.395432779999999972e-03 1.847529890000000023e+03
6.819319319999999607e+02 1.418524160000000011e-03 1.855704240000000027e+03
6.848848850000000539e+02 1.442335699999999906e-03 1.863876980000000003e+03
6.878378380000000334e+02 1.466899490000000018e-03 1.872048140000000103e+03
6.907907910000000129e+02 1.492249339999999905e-03 1.880217730000000074e+03
6.937437439999999924e+02 1.518420979999999913e-03 1.888385770000000093e+03
6.966966969999999719e+02 1.545452039999999951e-03 1.896552259999999933e+03
6.996496499999999514e+02 1.573382269999999911e-03 1.904717219999999998e+03
7.026026030000000446e+02 1.602253610000000045e-03 1.912880670000000009e+03
7.055555560000000241e+02 1.632110339999999927e-03 1.921042609999999968e+03
7.085085090000000037e+02 1.662999230000000023e-03 1.929203050000000076e+03
7.114614609999999857e+02 1.694969709999999928e-03 1.937362010000000055e+03
7.144144139999999652e+02 1.728073969999999919e-03 1.945519489999999905e+03
7.173673669999999447e+02 1.762367190000000035e-03 1.953675490000000082e+03
7.203203200000000379e+02 1.797907619999999972e-03 1.961830030000000079e+03
7.232732730000000174e+02 1.834756820000000080e-03 1.969983109999999897e+03
7.262262259999999969e+02 1.872979859999999910e-03 1.978134739999999965e+03
7.291791789999999764e+02 1.912645520000000017e-03 1.986284910000000082e+03
7.321321319999999560e+02 1.953826520000000178e-03 1.994433639999999968e+03
7.350850850000000491e+02 1.996599740000000022e-03 2.002580920000000106e+03
7.380380380000000287e+02 2.041046410000000016e-03 2.010726750000000038e+03
7.409909910000000082e+02 2.087252359999999807e-03 2.018871139999999968e+03
7.439439439999999877e+02 2.135308250000000126e-03 2.027014089999999896e+03
7.468968969999999672e+02 2.185309879999999816e-03 2.035155590000000075e+03
7.498498499999999467e+02 2.237358550000000026e-03 2.043295630000000074e+03
7.528028030000000399e+02 2.291561310000000181e-03 2.051434229999999843e+03
7.557557560000000194e+02 2.348031229999999938e-03 2.059571370000000115e+03
7.587087089999999989e+02 2.406887639999999960e-03 2.067707049999999981e+03
7.616616619999999784e+02 2.468256370000000092e-03 2.075841260000000148e+03
7.646146149999999579e+02 2.532270159999999888e-03 2.083974000000000160e+03
7.675675680000000511e+02 2.599069060000000052e-03 2.092105259999999817e+03
7.705205210000000307e+02 2.668800939999999965e-03 2.100235040000000026e+03
7.734734730000000127e+02 2.741621750000000114e-03 2.108363330000000133e+03
7.764264259999999922e+02 2.817695759999999834e-03 2.116490110000000186e+03
7.793793789999999717e+02 2.897195789999999858e-03 2.124615389999999934e+03
7.823323319999999512e+02 2.980303469999999975e-03 2.132739149999999881e+03
7.852852850000000444e+02 3.067209730000000113e-03 2.140861390000000029e+03
7.882382380000000239e+02 3.158115339999999910e-03 2.148982100000000173e+03
7.911911910000000034e+02 3.253231389999999834e-03 2.157101279999999861e+03
7.941441439999999830e+02 3.352779599999999947e-03 2.165218899999999849e+03
7.970970969999999625e+02 3.456992519999999968e-03 2.173334980000000087e+03
8.000500500000000557e+02 3.566113770000000054e-03 2.181449509999999918e+03
8.030030030000000352e+02 3.680398389999999832e-03 2.189562469999999848e+03
8.059559560000000147e+02 3.800113329999999911e-03 2.197673870000000079e+03
8.089089089999999942e+02 3.925537869999999770e-03 2.205783699999999953e+03
8.118618619999999737e+02 4.056964189999999817e-03 2.213891959999999926e+03
8.148148149999999532e+02 4.194697469999999692e-03 2.221998649999999998e+03
8.177677680000000464e+02 4.339055720000000241e-03 2.230103779999999915e+03
8.207207210000000259e+02 4.490369709999999896e-03 2.238207339999999931e+03
8.236736740000000054e+02 4.648983409999999858e-03 2.246309349999999995e+03
8.266266269999999849e+02 4.815254770000000108e-03 2.254409799999999905e+03
8.295795799999999645e+02 4.989556529999999643e-03 2.262508699999999862e+03
8.325325329999999440e+02 5.172276509999999654e-03 2.270606069999999818e+03
8.354854850000000397e+02 5.363817350000000227e-03 2.278701910000000225e+03
8.384384380000000192e+02 5.564596009999999739e-03 2.286796249999999873e+03
8.413913909999999987e+02 5.775043710000000302e-03 2.294889079999999922e+03
8.443443439999999782e+02 5.995606250000000415e-03 2.302980439999999817e+03
8.472972969999999577e+02 6.226744700000000007e-03 2.311070340000000215e+03
8.502502500000000509e+02 6.468935870000000303e-03 2.319158800000000156e+03
8.532032030000000304e+02 6.722672370000000105e-03 2.327245840000000044e+03
8.561561560000000100e+02 6.988462259999999801e-03 2.335331490000000031e+03
8.591091089999999895e+02 7.266828700000000155e-03 2.343415779999999813e+03
8.620620619999999690e+02 7.558309860000000067e-03 2.351498720000000048e+03
8.650150149999999485e+02 7.863459160000000822e-03 2.359580350000000180e+03
8.679679680000000417e+02 8.182845750000000695e-03 2.367660690000000159e+03
8.709209210000000212e+02 8.517054700000000270e-03 2.375739790000000085e+03
8.738738740000000007e+02 8.866686990000000740e-03 2.383817660000000160e+03
8.768268269999999802e+02 9.232358939999999251e-03 2.391894339999999829e+03
8.797797799999999597e+02 9.614701479999999620e-03 2.399969869999999901e+03
8.827327330000000529e+02 1.001436009999999953e-02 2.408044269999999869e+03
8.856856860000000324e+02 1.043199570000000014e-02 2.416117580000000089e+03
8.886386390000000119e+02 1.086828639999999971e-02 2.424189840000000004e+03
8.915915919999999915e+02 1.132392760000000033e-02 2.432261070000000018e+03
8.945445449999999710e+02 1.179963090000000006e-02 2.440331310000000030e+03
8.974974969999999530e+02 1.229612060000000000e-02 2.448400599999999940e+03
9.004504500000000462e+02 1.281413149999999918e-02 2.456468969999999899e+03
9.034034030000000257e+02 1.335441010000000019e-02 2.464536450000000059e+03
9.063563560000000052e+02 1.391771770000000026e-02 2.472603079999999864e+03
9.093093089999999847e+02 1.450483290000000036e-02 2.480668880000000172e+03
9.122622619999999642e+02 1.511655200000000011e-02 2.488733889999999974e+03
9.152152149999999438e+02 1.575368649999999912e-02 2.496798150000000078e+03
9.181681680000000370e+02 1.641705970000000014e-02 2.504861669999999776e+03
9.211211210000000165e+02 1.710750650000000123e-02 2.512924500000000080e+03
9.240740739999999960e+02 1.782587279999999982e-02 2.520986649999999827e+03
9.270270269999999755e+02 1.857301600000000122e-02 2.529048170000000027e+03
9.299799799999999550e+02 1.934980539999999957e-02 2.537109069999999974e+03
9.329329330000000482e+02 2.015712199999999954e-02 2.545169390000000021e+03
9.358858860000000277e+02 2.099585879999999946e-02 2.553229139999999916e+03
9.388388390000000072e+02 2.186692020000000070e-02 2.561288360000000011e+03
9.417917919999999867e+02 2.277122120000000041e-02 2.569347069999999803e+03
9.447447449999999662e+02 2.370968719999999932e-02 2.577405290000000150e+03
9.476976979999999458e+02 2.468325570000000010e-02 2.585463040000000092e+03
9.506506510000000389e+02 2.569287769999999832e-02 2.593520349999999780e+03
9.536036040000000185e+02 2.673951429999999949e-02 2.601577229999999872e+03
9.565565569999999980e+02 2.782412919999999873e-02 2.609633710000000065e+03
9.595095099999999775e+02 2.894768140000000128e-02 2.617689800000000105e+03
9.624624619999999595e+02 3.011112520000000167e-02 2.625745530000000144e+03
9.654154150000000527e+02 3.131541830000000165e-02 2.633800909999999931e+03
9.683683680000000322e+02 3.256153059999999932e-02 2.641855959999999868e+03
9.713213210000000117e+02 3.385044579999999664e-02 2.649910690000000159e+03
9.742742739999999912e+02 3.518315720000000230e-02 2.657965110000000095e+03
9.772272269999999708e+02 3.656066089999999991e-02 2.666019249999999829e+03
9.801801799999999503e+02 3.798395129999999897e-02 2.674073120000000017e+03
9.831331330000000435e+02 3.945402120000000151e-02 2.682126729999999952e+03
9.860860860000000230e+02 4.097186010000000017e-02 2.690180089999999836e+03
9.890390390000000025e+02 4.253845390000000198e-02 2.698233220000000074e+03
9.919919919999999820e+02 4.415478379999999980e-02 2.706286120000000210e+03
9.949449449999999615e+02 4.582182630000000007e-02 2.714338810000000194e+03
9.978978980000000547e+02 4.754055380000000303e-02 2.722391299999999774e+03
1.000850850000000037e+03 4.931193379999999904e-02 2.730443589999999858e+03
1.003803800000000024e+03 5.113692809999999950e-02 2.738495699999999943e+03
1.006756759999999986e+03 5.301649149999999866e-02 2.746547639999999774e+03
1.009709709999999973e+03 5.495156959999999979e-02 2.754599409999999807e+03
1.012662659999999960e+03 5.694309759999999915e-02 2.762651029999999992e+03
1.015615620000000035e+03 5.899200029999999983e-02 2.770702490000000125e+03
1.018568570000000022e+03 6.109919269999999902e-02 2.778753810000000158e+03
1.021521520000000010e+03 6.326558020000000448e-02 2.786804999999999836e+03
1.024474470000000110e+03 6.549205460000000201e-02 2.794856049999999868e+03
1.027427429999999958e+03 6.777948740000000472e-02 2.802906989999999951e+03
1.030380380000000059e+03 7.012872470000000580e-02 2.810957800000000134e+03
1.033333329999999933e+03 7.254058739999999506e-02 2.819008510000000115e+03
1.036286290000000008e+03 7.501587839999999952e-02 2.827059110000000146e+03
1.039239240000000109e+03 7.755538989999999355e-02 2.835109609999999975e+03
1.042192189999999982e+03 8.015990289999999630e-02 2.843160010000000057e+03
1.045145150000000058e+03 8.283017789999999603e-02 2.851210320000000138e+03
1.048098099999999931e+03 8.556694180000000427e-02 2.859260540000000219e+03
1.051051050000000032e+03 8.837088129999999542e-02 2.867310680000000048e+03
1.054003999999999905e+03 9.124264869999999805e-02 2.875360749999999825e+03
1.056956959999999981e+03 9.418287879999999446e-02 2.883410730000000058e+03
1.059909910000000082e+03 9.719220100000000584e-02 2.891460649999999987e+03
1.062862859999999955e+03 1.002712350000000002e-01 2.899510490000000118e+03
1.065815820000000031e+03 1.034205720000000023e-01 2.907560269999999946e+03
1.068768769999999904e+03 1.066407479999999935e-01 2.915609989999999925e+03
1.071721720000000005e+03 1.099322390000000010e-01 2.923659650000000056e+03
1.074674670000000106e+03 1.132954810000000034e-01 2.931709249999999884e+03
1.077627629999999954e+03 1.167308960000000007e-01 2.939758800000000065e+03
1.080580580000000054e+03 1.202389100000000044e-01 2.947808300000000145e+03
1.083533529999999928e+03 1.238199340000000065e-01 2.955857750000000124e+03
1.086486490000000003e+03 1.274743339999999947e-01 2.963907150000000001e+03
1.089439440000000104e+03 1.312024009999999963e-01 2.971956499999999778e+03
1.092392389999999978e+03 1.350043539999999931e-01 2.980005819999999858e+03
1.095345350000000053e+03 1.388803640000000061e-01 2.988055089999999836e+03
1.098298299999999927e+03 1.428305860000000094e-01 2.996104319999999916e+03
1.101251250000000027e+03 1.468551660000000092e-01 3.004153519999999844e+03
1.104204199999999901e+03 1.509542269999999964e-01 3.012202679999999873e+03
1.107157159999999976e+03 1.551278540000000095e-01 3.020251800000000003e+03
1.110110110000000077e+03 1.593760750000000059e-01 3.028300900000000183e+03
1.113063059999999950e+03 1.636988699999999963e-01 3.036349960000000010e+03
1.116016020000000026e+03 1.680961800000000117e-01 3.044398990000000140e+03
1.118968969999999899e+03 1.725679189999999863e-01 3.052447999999999865e+03
1.121921920000000000e+03 1.771139790000000047e-01 3.060496979999999894e+03
1.124874870000000101e+03 1.817342120000000061e-01 3.068545930000000226e+03
1.127827829999999949e+03 1.864284170000000129e-01 3.076594849999999951e+03
1.130780780000000050e+03 1.911963309999999971e-01 3.084643759999999929e+03
1.133733729999999923e+03 1.960376339999999884e-01 3.092692640000000210e+03
1.136686689999999999e+03 2.009519790000000028e-01 3.100741489999999885e+03
1.139639640000000099e+03 2.059390050000000083e-01 3.108790329999999813e+03
1.142592589999999973e+03 2.109983340000000096e-01 3.116839149999999790e+03
1.145545550000000048e+03 2.161295530000000020e-01 3.124887940000000071e+03
1.148498499999999922e+03 2.213321930000000104e-01 3.132936720000000150e+03
1.151451450000000023e+03 2.266057230000000089e-01 3.140985479999999825e+03
1.154404399999999896e+03 2.319495639999999970e-01 3.149034230000000207e+03
1.157357359999999971e+03 2.373631059999999904e-01 3.157082960000000185e+03
1.160310310000000072e+03 2.428457149999999898e-01 3.165131670000000213e+03
1.163263259999999946e+03 2.483967310000000095e-01 3.173180370000000039e+03
1.166216220000000021e+03 2.540154620000000252e-01 3.181229049999999916e+03
1.169169169999999895e+03 2.597011739999999791e-01 3.189277720000000045e+03
1.172122119999999995e+03 2.654530900000000027e-01 3.197326370000000225e+03
1.175075080000000071e+03 2.712703989999999954e-01 3.205375019999999950e+03
1.178028029999999944e+03 2.771522730000000045e-01 3.213423650000000180e+03
1.180980980000000045e+03 2.830978690000000020e-01 3.221472270000000208e+03
1.183933929999999918e+03 2.891063240000000256e-01 3.229520880000000034e+03
1.186886889999999994e+03 2.951767290000000266e-01 3.237569469999999910e+03
1.189839840000000095e+03 3.013081160000000147e-01 3.245618059999999787e+03
1.192792789999999968e+03 3.074994679999999980e-01 3.253666639999999916e+03
1.195745750000000044e+03 3.137497360000000013e-01 3.261715209999999843e+03
1.198698699999999917e+03 3.200578600000000273e-01 3.269763759999999820e+03
1.201651650000000018e+03 3.264227679999999743e-01 3.277812309999999798e+03
1.204604599999999891e+03 3.328433749999999969e-01 3.285860850000000028e+03
1.207557559999999967e+03 3.393185739999999839e-01 3.293909389999999803e+03
1.210510510000000068e+03 3.458472459999999971e-01 3.301957910000000084e+03
1.213463459999999941e+03 3.524282499999999985e-01 3.310006429999999909e+03
1.216416420000000016e+03 3.590604090000000248e-01 3.318054939999999988e+03
1.219369369999999890e+03 3.657425009999999976e-01 3.326103439999999864e+03
1.222322319999999991e+03 3.724732599999999727e-01 3.334151940000000195e+03
1.225275280000000066e+03 3.792513940000000194e-01 3.342200429999999869e+03
1.228228229999999940e+03 3.860756060000000156e-01 3.350248909999999796e+03
1.231181180000000040e+03 3.929445950000000076e-01 3.358297390000000178e+03
1.234134129999999914e+03 3.998570439999999948e-01 3.366345859999999902e+03
1.237087089999999989e+03 4.068116059999999923e-01 3.374394319999999880e+03
1.240040040000000090e+03 4.138069050000000026e-01 3.382442779999999857e+03
1.242992989999999963e+03 4.208415360000000160e-01 3.390491239999999834e+03
1.245945950000000039e+03 4.279140570000000143e-01 3.398539690000000064e+03
1.248898899999999912e+03 4.350229669999999826e-01 3.406588130000000092e+03
1.251851850000000013e+03 4.421667140000000162e-01 3.414636570000000120e+03
1.254804799999999886e+03 4.493437239999999999e-01 3.422684999999999945e+03
1.257757759999999962e+03 4.565524730000000142e-01 3.430733439999999973e+03
1.260710710000000063e+03 4.637914989999999960e-01 3.438781860000000052e+03
1.263663659999999936e+03 4.710593630000000087e-01 3.446830280000000130e+03
1.266616620000000012e+03 4.783545730000000051e-01 3.454878700000000208e+03
1.269569570000000112e+03 4.856755309999999937e-01 3.462927119999999832e+03
1.272522519999999986e+03 4.930205460000000039e-01 3.470975530000000163e+03
1.275475480000000061e+03 5.003878659999999590e-01 3.479023929999999837e+03
1.278428429999999935e+03 5.077757139999999891e-01 3.487072340000000167e+03
1.281381380000000036e+03 5.151822900000000427e-01 3.495120739999999842e+03
1.284334329999999909e+03 5.226057720000000240e-01 3.503169130000000223e+03
1.287287289999999985e+03 5.300443259999999546e-01 3.511217529999999897e+03
1.290240240000000085e+03 5.374961120000000259e-01 3.519265919999999824e+03
1.293193189999999959e+03 5.449592720000000501e-01 3.527314310000000205e+03
1.296146150000000034e+03 5.524319090000000543e-01 3.535362689999999930e+03
1.299099099999999908e+03 5.599120669999999578e-01 3.543411070000000109e+03
1.302052050000000008e+03 5.673977329999999597e-01 3.551459449999999833e+03
1.305005010000000084e+03 5.748868499999999493e-01 3.559507830000000013e+03
1.307957959999999957e+03 5.823773490000000441e-01 3.567556199999999990e+03
1.310910910000000058e+03 5.898671549999999764e-01 3.575604580000000169e+03
1.313863859999999931e+03 5.973541679999999632e-01 3.583652939999999944e+03
1.316816820000000007e+03 6.048362390000000532e-01 3.591701309999999921e+03
1.319769770000000108e+03 6.123111430000000022e-01 3.599749679999999898e+03
1.322722719999999981e+03 6.197765840000000193e-01 3.607798040000000128e+03
1.325675680000000057e+03 6.272302199999999495e-01 3.615846399999999903e+03
1.328628629999999930e+03 6.346696939999999509e-01 3.623894760000000133e+03
1.331581580000000031e+03 6.420926399999999923e-01 3.631943110000000161e+03
1.334534529999999904e+03 6.494966580000000045e-01 3.639991469999999936e+03
1.337487489999999980e+03 6.568792639999999627e-01 3.648039819999999963e+03
1.340440440000000081e+03 6.642378759999999494e-01 3.656088169999999991e+03
1.343393389999999954e+03 6.715698460000000258e-01 3.664136520000000019e+03
1.346346350000000029e+03 6.788725420000000232e-01 3.672184870000000046e+03
1.349299299999999903e+03 6.861434010000000416e-01 3.680233209999999872e+03
1.352252250000000004e+03 6.933799170000000123e-01 3.688281550000000152e+03
1.355205210000000079e+03 7.005795900000000298e-01 3.696329900000000180e+03
1.358158159999999953e+03 7.077398710000000204e-01 3.704378240000000005e+03
1.361111110000000053e+03 7.148581290000000088e-01 3.712426579999999831e+03
1.364064059999999927e+03 7.219316169999999699e-01 3.720474909999999909e+03
1.367017020000000002e+03 7.289574699999999963e-01 3.728523250000000189e+03
1.369969970000000103e+03 7.359325669999999819e-01 3.736571579999999813e+03
1.372922919999999976e+03 7.428536719999999649e-01 3.744619920000000093e+03
1.375875880000000052e+03 7.497177390000000496e-01 3.752668250000000171e+03
1.378828829999999925e+03 7.565223180000000269e-01 3.760716579999999794e+03
1.381781780000000026e+03 7.632656599999999569e-01 3.768764909999999873e+03
1.384734729999999900e+03 7.699460769999999510e-01 3.776813230000000203e+03
1.387687689999999975e+03 7.765612210000000237e-01 3.784861559999999827e+03
1.390640640000000076e+03 7.831075650000000055e-01 3.792909889999999905e+03
1.393593589999999949e+03 7.895809240000000173e-01 3.800958209999999781e+03
1.396546550000000025e+03 7.959773610000000499e-01 3.809006530000000112e+03
1.399499499999999898e+03 8.022937039999999964e-01 3.817054849999999988e+03
1.402452449999999999e+03 8.085274409999999579e-01 3.825103180000000066e+03
1.405405410000000074e+03 8.146763500000000491e-01 3.833151490000000194e+03
1.408358359999999948e+03 8.207381550000000248e-01 3.841199810000000070e+03
1.411311310000000049e+03 8.267104629999999510e-01 3.849248129999999946e+03
1.414264259999999922e+03 8.325908379999999998e-01 3.857296449999999822e+03
1.417217219999999998e+03 8.383768390000000403e-01 3.865344759999999951e+03
1.420170170000000098e+03 8.440660309999999944e-01 3.873393079999999827e+03
1.423123119999999972e+03 8.496560229999999825e-01 3.881441389999999956e+03
1.426076080000000047e+03 8.551445429999999792e-01 3.889489700000000084e+03
1.429029029999999921e+03 8.605294980000000038e-01 3.897538019999999960e+03
1.431981980000000021e+03 8.658089410000000541e-01 3.905586330000000089e+03
1.434934929999999895e+03 8.709809389999999540e-01 3.913634640000000218e+03
1.437887889999999970e+03 8.760434670000000201e-01 3.921682949999999892e+03
1.440840840000000071e+03 8.809942050000000302e-01 3.929731249999999818e+03
1.443793789999999944e+03 8.858308449999999779e-01 3.937779559999999947e+03
1.446746750000000020e+03 8.905515309999999518e-01 3.945827870000000075e+03
1.449699699999999893e+03 8.951549399999999546e-01 3.953876170000000002e+03
1.452652649999999994e+03 8.996403579999999733e-01 3.961924480000000131e+03
1.455605610000000070e+03 9.040073370000000219e-01 3.969972780000000057e+03
1.458558559999999943e+03 9.082551260000000237e-01 3.978021090000000186e+03
1.461511510000000044e+03 9.123826800000000015e-01 3.986069390000000112e+03
1.464464459999999917e+03 9.163889549999999495e-01 3.994117690000000039e+03
1.467417419999999993e+03 9.202732500000000426e-01 4.002166000000000167e+03
1.470370370000000094e+03 9.240353350000000132e-01 4.010214300000000094e+03
1.473323319999999967e+03 9.276754230000000545e-01 4.018262600000000020e+03
1.476276280000000042e+03 9.311939099999999581e-01 4.026310899999999947e+03
1.479229229999999916e+03 9.345910859999999598e-01 4.034359199999999873e+03
1.482182180000000017e+03 9.378671760000000246e-01 4.042407490000000053e+03
1.485135140000000092e+03 9.410225439999999608e-01 4.050455789999999979e+03
1.488088089999999966e+03 9.440578870000000400e-01 4.058504089999999906e+03
1.491041040000000066e+03 9.469742610000000393e-01 4.066552389999999832e+03
1.493993989999999940e+03 9.497730699999999970e-01 4.074600680000000011e+03
1.496946950000000015e+03 9.524560530000000247e-01 4.082648979999999938e+03
1.499899899999999889e+03 9.550253589999999626e-01 4.090697279999999864e+03
1.502852849999999989e+03 9.574835529999999872e-01 4.098745570000000043e+03
1.505805810000000065e+03 9.598333070000000244e-01 4.106793859999999768e+03
1.508758759999999938e+03 9.620771679999999826e-01 4.114842160000000149e+03
1.511711710000000039e+03 9.642175250000000197e-01 4.122890449999999873e+03
1.514664659999999913e+03 9.662566719999999831e-01 4.130938750000000255e+03
1.517617619999999988e+03 9.681968770000000113e-01 4.138987039999999979e+03
1.520570570000000089e+03 9.700402820000000315e-01 4.147035329999999703e+03
1.523523519999999962e+03 9.717886820000000148e-01 4.155083620000000337e+03
1.526476480000000038e+03 9.734442789999999679e-01 4.163131910000000062e+03
1.529429429999999911e+03 9.750102379999999735e-01 4.171180199999999786e+03
1.532382380000000012e+03 9.764911590000000530e-01 4.179228500000000167e+03
1.535335340000000087e+03 9.778923729999999814e-01 4.187276789999999892e+03
1.538288289999999961e+03 9.792183490000000434e-01 4.195325079999999616e+03
1.541241240000000062e+03 9.804723370000000271e-01 4.203373370000000250e+03
1.544194189999999935e+03 9.816562779999999933e-01 4.211421659999999974e+03
1.547147150000000011e+03 9.827720730000000238e-01 4.219469949999999699e+03
1.550100100000000111e+03 9.838222420000000135e-01 4.227518229999999676e+03
1.553053049999999985e+03 9.848099449999999644e-01 4.235566520000000310e+03
1.556006010000000060e+03 9.857386439999999972e-01 4.243614810000000034e+03
1.558958959999999934e+03 9.866116499999999512e-01 4.251663099999999758e+03
1.561911910000000034e+03 9.874321270000000483e-01 4.259711390000000392e+03
1.564864859999999908e+03 9.882031980000000049e-01 4.267759680000000117e+03
1.567817819999999983e+03 9.889277600000000445e-01 4.275807960000000094e+03
1.570770770000000084e+03 9.896084520000000273e-01 4.283856249999999818e+03
1.573723719999999958e+03 9.902474369999999526e-01 4.291904540000000452e+03
1.576676680000000033e+03 9.908466649999999598e-01 4.299952830000000176e+03
1.579629629999999906e+03 9.914082269999999752e-01 4.308001110000000153e+03
1.582582580000000007e+03 9.919343969999999677e-01 4.316049399999999878e+03
1.585535540000000083e+03 9.924277209999999849e-01 4.324097689999999602e+03
1.588488489999999956e+03 9.928904960000000113e-01 4.332145980000000236e+03
1.591441440000000057e+03 9.933247219999999933e-01 4.340194260000000213e+03
1.594394389999999930e+03 9.937319810000000420e-01 4.348242549999999937e+03
1.597347350000000006e+03 9.941137020000000435e-01 4.356290829999999914e+03
1.600300300000000107e+03 9.944713349999999563e-01 4.364339119999999639e+03
1.603253249999999980e+03 9.948063900000000404e-01 4.372387410000000273e+03
1.606206210000000056e+03 9.951204080000000118e-01 4.380435690000000250e+03
1.609159159999999929e+03 9.954148029999999592e-01 4.388483979999999974e+03
1.612112110000000030e+03 9.956908549999999858e-01 4.396532259999999951e+03
1.615065070000000105e+03 9.959496920000000530e-01 4.404580549999999675e+03
1.618018019999999979e+03 9.961923670000000230e-01 4.412628840000000309e+03
1.620970970000000079e+03 9.964198869999999486e-01 4.420677120000000286e+03
1.623923919999999953e+03 9.966332129999999623e-01 4.428725410000000011e+03
1.626876880000000028e+03 9.968332640000000522e-01 4.436773689999999988e+03
1.629829829999999902e+03 9.970208929999999636e-01 4.444821979999999712e+03
1.632782780000000002e+03 9.971968970000000265e-01 4.452870259999999689e+03
1.635735740000000078e+03 9.973620189999999885e-01 4.460918550000000323e+03
1.638688689999999951e+03 9.975169510000000406e-01 4.468966830000000300e+03
1.641641640000000052e+03 9.976623439999999787e-01 4.477015120000000024e+03
1.644594589999999926e+03 9.977988039999999836e-01 4.485063400000000001e+03
1.647547550000000001e+03 9.979268980000000067e-01 4.493111689999999726e+03
1.650500500000000102e+03 9.980471570000000181e-01 4.501159969999999703e+03
1.653453449999999975e+03 9.981600809999999768e-01 4.509208260000000337e+03
1.656406410000000051e+03 9.982661369999999978e-01 4.517256540000000314e+03
1.659359359999999924e+03 9.983657620000000454e-01 4.525304820000000291e+03
1.662312310000000025e+03 9.984593630000000442e-01 4.533353110000000015e+03
1.665265270000000100e+03 9.985473190000000443e-01 4.541401389999999992e+03
1.668218219999999974e+03 9.986299849999999978e-01 4.549449679999999717e+03
1.671171170000000075e+03 9.987076919999999802e-01 4.557497959999999694e+03
1.674124119999999948e+03 9.987807520000000494e-01 4.565546250000000327e+03
1.677077080000000024e+03 9.988494540000000255e-01 4.573594530000000304e+03
1.680030029999999897e+03 9.989141440000000038e-01 4.581642810000000281e+03
1.682982979999999998e+03 9.989749919999999506e-01 4.589691100000000006e+03
1.685935940000000073e+03 9.990322910000000167e-01 4.597739379999999983e+03
1.688888889999999947e+03 9.990862879999999890e-01 4.605787669999999707e+03
1.691841840000000047e+03 9.991372320000000418e-01 4.613835949999999684e+03
1.694794789999999921e+03 9.991853710000000444e-01 4.621884229999999661e+03
1.697747749999999996e+03 9.992309649999999710e-01 4.629932520000000295e+03
1.700700700000000097e+03 9.992742909999999812e-01 4.637980800000000272e+03
1.703653649999999971e+03 9.993156490000000280e-01 4.646029089999999997e+03
1.706606610000000046e+03 9.993553710000000478e-01 4.654077369999999974e+03
1.709559559999999919e+03 9.993938289999999558e-01 4.662125649999999951e+03
1.712512510000000020e+03 9.994314410000000315e-01 4.670173939999999675e+03
1.715465470000000096e+03 9.994686820000000527e-01 4.678222219999999652e+03
1.718418419999999969e+03 9.995060860000000158e-01 4.686270499999999629e+03
1.721371370000000070e+03 9.995442490000000513e-01 4.694318790000000263e+03
1.724324319999999943e+03 9.995838369999999751e-01 4.702367070000000240e+03
1.727277280000000019e+03 9.996255779999999591e-01 4.710415350000000217e+03
1.730230229999999892e+03 9.996702659999999740e-01 4.718463639999999941e+03
1.733183179999999993e+03 9.997187549999999590e-01 4.726511919999999918e+03
1.736136140000000069e+03 9.997719459999999669e-01 4.734560199999999895e+03
1.739089089999999942e+03 9.998307859999999714e-01 4.742608489999999620e+03
1.742042040000000043e+03 9.998962500000000420e-01 4.750656769999999597e+03
1.744994989999999916e+03 9.999693330000000158e-01 4.758705049999999574e+03
1.747947949999999992e+03 1.000051040000000002e+00 4.766753340000000208e+03
1.750900900000000092e+03 1.000142340000000019e+00 4.774801620000000185e+03
1.753853849999999966e+03 1.000244219999999906e+00 4.782849900000000162e+03
1.756806810000000041e+03 1.000357600000000069e+00 4.790898180000000139e+03
1.759759759999999915e+03 1.000483369999999983e+00 4.798946469999999863e+03
1.762712710000000015e+03 1.000622340000000055e+00 4.806994749999999840e+03
1.765665670000000091e+03 1.000775250000000005e+00 4.815043029999999817e+03
1.768618619999999964e+03 1.000942779999999921e+00 4.823091320000000451e+03
1.771571570000000065e+03 1.001125519999999991e+00 4.831139600000000428e+03
1.774524519999999939e+03 1.001323959999999902e+00 4.839187880000000405e+03
1.777477480000000014e+03 1.001538480000000009e+00 4.847236170000000129e+03
1.780430429999999888e+03 1.001769389999999982e+00 4.855284450000000106e+03
1.783383379999999988e+03 1.002016910000000038e+00 4.863332730000000083e+03
1.786336340000000064e+03 1.002281140000000015e+00 4.871381010000000060e+03
1.789289289999999937e+03 1.002562100000000012e+00 4.879429299999999785e+03
1.792242240000000038e+03 1.002859729999999949e+00 4.887477579999999762e+03
1.795195200000000114e+03 1.003173880000000073e+00 4.895525859999999739e+03
1.798148149999999987e+03 1.003504329999999944e+00 4.903574150000000373e+03
1.801101100000000088e+03 1.003850789999999993e+00 4.911622430000000350e+03
1.804054049999999961e+03 1.004212890000000025e+00 4.919670710000000327e+03
1.807007010000000037e+03 1.004590209999999928e+00 4.927719000000000051e+03
1.809959959999999910e+03 1.004982290000000056e+00 4.935767280000000028e+03
1.812912910000000011e+03 1.005388619999999955e+00 4.943815560000000005e+03
1.815865870000000086e+03 1.005808620000000042e+00 4.951863839999999982e+03
1.818818819999999960e+03 1.006241720000000006e+00 4.959912129999999706e+03
1.821771770000000060e+03 1.006687300000000063e+00 4.967960409999999683e+03
1.824724719999999934e+03 1.007144720000000104e+00 4.976008689999999660e+03
1.827677680000000009e+03 1.007613330000000085e+00 4.984056980000000294e+03
1.830630630000000110e+03 1.008092449999999918e+00 4.992105260000000271e+03
1.833583579999999984e+03 1.008581420000000062e+00 5.000153540000000248e+03
1.836536540000000059e+03 1.009079569999999926e+00 5.008201820000000225e+03
1.839489489999999932e+03 1.009586230000000029e+00 5.016250109999999950e+03
1.842442440000000033e+03 1.010100709999999902e+00 5.024298389999999927e+03
1.845395400000000109e+03 1.010622359999999942e+00 5.032346669999999904e+03
1.848348349999999982e+03 1.011150540000000042e+00 5.040394959999999628e+03
1.851301300000000083e+03 1.011684589999999995e+00 5.048443239999999605e+03
1.854254249999999956e+03 1.012223899999999954e+00 5.056491519999999582e+03
1.857207210000000032e+03 1.012767849999999914e+00 5.064539799999999559e+03
1.860160159999999905e+03 1.013315860000000068e+00 5.072588090000000193e+03
1.863113110000000006e+03 1.013867349999999945e+00 5.080636370000000170e+03
1.866066070000000082e+03 1.014421770000000000e+00 5.088684650000000147e+03
1.869019019999999955e+03 1.014978589999999903e+00 5.096732930000000124e+03
1.871971970000000056e+03 1.015537279999999987e+00 5.104781219999999848e+03
1.874924919999999929e+03 1.016097370000000000e+00 5.112829499999999825e+03
1.877877880000000005e+03 1.016658389999999912e+00 5.120877779999999802e+03
1.880830830000000105e+03 1.017219880000000076e+00 5.128926059999999779e+03
1.883783779999999979e+03 1.017781419999999937e+00 5.136974350000000413e+03
1.886736740000000054e+03 1.018342620000000087e+00 5.145022630000000390e+03
1.889689689999999928e+03 1.018903090000000011e+00 5.153070910000000367e+03
1.892642640000000029e+03 1.019462469999999898e+00 5.161119190000000344e+03
1.895595600000000104e+03 1.020020410000000100e+00 5.169167480000000069e+03
1.898548549999999977e+03 1.020576600000000056e+00 5.177215760000000046e+03
1.901501500000000078e+03 1.021130749999999976e+00 5.185264040000000023e+03
1.904454449999999952e+03 1.021682570000000068e+00 5.193312320000000000e+03
1.907407410000000027e+03 1.022231799999999913e+00 5.201360599999999977e+03
1.910360359999999901e+03 1.022778179999999981e+00 5.209408889999999701e+03
1.913313310000000001e+03 1.023321509999999934e+00 5.217457169999999678e+03
1.916266270000000077e+03 1.023861579999999938e+00 5.225505449999999655e+03
1.919219219999999950e+03 1.024398169999999997e+00 5.233553729999999632e+03
1.922172170000000051e+03 1.024931119999999973e+00 5.241602009999999609e+03
1.925125129999999899e+03 1.025460269999999952e+00 5.249650300000000243e+03
1.928078080000000000e+03 1.025985460000000016e+00 5.257698580000000220e+03
1.931031030000000101e+03 1.026506570000000007e+00 5.265746860000000197e+03
1.933983979999999974e+03 1.027023460000000110e+00 5.273795140000000174e+03
1.936936940000000050e+03 1.027536039999999984e+00 5.281843420000000151e+03
1.939889889999999923e+03 1.028044200000000075e+00 5.289891700000000128e+03
1.942842840000000024e+03 1.028547850000000041e+00 5.297939989999999852e+03
1.945795800000000099e+03 1.029046920000000087e+00 5.305988269999999829e+03
1.948748749999999973e+03 1.029541339999999972e+00 5.314036549999999806e+03
1.951701700000000073e+03 1.030031059999999998e+00 5.322084829999999783e+03
1.954654649999999947e+03 1.030516030000000027e+00 5.330133109999999760e+03
1.957607610000000022e+03 1.030996199999999918e+00 5.338181389999999737e+03
1.960560559999999896e+03 1.031471550000000015e+00 5.346229669999999714e+03
1.963513509999999997e+03 1.031942059999999994e+00 5.354277960000000348e+03
1.966466470000000072e+03 1.032407700000000039e+00 5.362326240000000325e+03
1.969419419999999946e+03 1.032868459999999988e+00 5.370374520000000302e+03
1.972372370000000046e+03 1.033324350000000003e+00 5.378422800000000279e+03
1.975325329999999894e+03 1.033775359999999921e+00 5.386471080000000256e+03
1.978278279999999995e+03 1.034221499999999905e+00 5.394519360000000233e+03
1.981231230000000096e+03 1.034662779999999893e+00 5.402567640000000210e+03
1.984184179999999969e+03 1.035099219999999987e+00 5.410615920000000187e+03
1.987137140000000045e+03 1.035530829999999902e+00 5.418664200000000164e+03
1.990090089999999918e+03 1.035957650000000063e+00 5.426712489999999889e+03
1.993043040000000019e+03 1.036379689999999965e+00 5.434760769999999866e+03
1.995996000000000095e+03 1.036796990000000029e+00 5.442809049999999843e+03
1.998948949999999968e+03 1.037209590000000015e+00 5.450857329999999820e+03
2.001901900000000069e+03 1.037617510000000021e+00 5.458905609999999797e+03
2.004854849999999942e+03 1.038020809999999905e+00 5.466953889999999774e+03
2.007807810000000018e+03 1.038419509999999990e+00 5.475002169999999751e+03
2.010760759999999891e+03 1.038813659999999972e+00 5.483050449999999728e+03
2.013713709999999992e+03 1.039203309999999991e+00 5.491098729999999705e+03
2.016666670000000067e+03 1.039588500000000026e+00 5.499147009999999682e+03
2.019619619999999941e+03 1.039969289999999935e+00 5.507195289999999659e+03
2.022572570000000042e+03 1.040345709999999979e+00 5.515243569999999636e+03
2.025525529999999890e+03 1.040717829999999955e+00 5.523291849999999613e+03
2.028478479999999990e+03 1.041085690000000064e+00 5.531340140000000247e+03
2.031431430000000091e+03 1.041449349999999940e+00 5.539388420000000224e+03
2.034384379999999965e+03 1.041808859999999948e+00 5.547436700000000201e+03
2.037337340000000040e+03 1.042164279999999943e+00 5.555484980000000178e+03
2.040290289999999914e+03 1.042515649999999905e+00 5.563533260000000155e+03
2.043243240000000014e+03 1.042863050000000014e+00 5.571581540000000132e+03
2.046196200000000090e+03 1.043206510000000087e+00 5.579629820000000109e+03
2.049149150000000191e+03 1.043546110000000082e+00 5.587678100000000086e+03
2.052102100000000064e+03 1.043881889999999979e+00 5.595726380000000063e+03
2.055055060000000140e+03 1.044213910000000078e+00 5.603774660000000040e+03
2.058008010000000013e+03 1.044542239999999955e+00 5.611822940000000017e+03
2.060960959999999886e+03 1.044866910000000093e+00 5.619871219999999994e+03
2.063913910000000214e+03 1.045188000000000006e+00 5.627919499999999971e+03
2.066866869999999835e+03 1.045505549999999895e+00 5.635967779999999948e+03
2.069819820000000163e+03 1.045819620000000061e+00 5.644016059999999925e+03
2.072772770000000037e+03 1.046130259999999979e+00 5.652064339999999902e+03
2.075725730000000112e+03 1.046437540000000110e+00 5.660112619999999879e+03
2.078678679999999986e+03 1.046741490000000052e+00 5.668160899999999856e+03
2.081631629999999859e+03 1.047042180000000045e+00 5.676209179999999833e+03
2.084584580000000187e+03 1.047339660000000006e+00 5.684257459999999810e+03
2.087537539999999808e+03 1.047633980000000076e+00 5.692305739999999787e+03
2.090490490000000136e+03 1.047925180000000012e+00 5.700354019999999764e+03
2.093443440000000010e+03 1.048213330000000054e+00 5.708402299999999741e+03
2.096396400000000085e+03 1.048498469999999960e+00 5.716450579999999718e+03
2.099349349999999959e+03 1.048780639999999931e+00 5.724498859999999695e+03
2.102302299999999832e+03 1.049059909999999984e+00 5.732547139999999672e+03
2.105255259999999907e+03 1.049336320000000100e+00 5.740595419999999649e+03
2.108208209999999781e+03 1.049609910000000035e+00 5.748643699999999626e+03
2.111161160000000109e+03 1.049880740000000090e+00 5.756691979999999603e+03
2.114114109999999982e+03 1.050148850000000023e+00 5.764740259999999580e+03
2.117067070000000058e+03 1.050414289999999973e+00 5.772788539999999557e+03
2.120020019999999931e+03 1.050677099999999919e+00 5.780836820000000444e+03
2.122972969999999805e+03 1.050937330000000003e+00 5.788885100000000421e+03
2.125925929999999880e+03 1.051195029999999919e+00 5.796933380000000398e+03
2.128878880000000208e+03 1.051450219999999991e+00 5.804981649999999718e+03
2.131831830000000082e+03 1.051702970000000015e+00 5.813029929999999695e+03
2.134784779999999955e+03 1.051953319999999970e+00 5.821078209999999672e+03
2.137737740000000031e+03 1.052201289999999956e+00 5.829126489999999649e+03
2.140690689999999904e+03 1.052446940000000053e+00 5.837174769999999626e+03
2.143643639999999778e+03 1.052690310000000018e+00 5.845223049999999603e+03
2.146596599999999853e+03 1.052931429999999891e+00 5.853271329999999580e+03
2.149549550000000181e+03 1.053170350000000033e+00 5.861319609999999557e+03
2.152502500000000055e+03 1.053407100000000041e+00 5.869367890000000443e+03
2.155455460000000130e+03 1.053641719999999893e+00 5.877416170000000420e+03
2.158408410000000003e+03 1.053874240000000073e+00 5.885464450000000397e+03
2.161361359999999877e+03 1.054104719999999995e+00 5.893512730000000374e+03
2.164314310000000205e+03 1.054333179999999981e+00 5.901561010000000351e+03
2.167267269999999826e+03 1.054559650000000071e+00 5.909609290000000328e+03
2.170220220000000154e+03 1.054784170000000021e+00 5.917657570000000305e+03
2.173173170000000027e+03 1.055006780000000033e+00 5.925705839999999625e+03
2.176126130000000103e+03 1.055227499999999985e+00 5.933754119999999602e+03
2.179079079999999976e+03 1.055446370000000078e+00 5.941802399999999579e+03
2.182032029999999850e+03 1.055663430000000069e+00 5.949850679999999556e+03
2.184984980000000178e+03 1.055878700000000059e+00 5.957898960000000443e+03
2.187937939999999799e+03 1.056092210000000087e+00 5.965947240000000420e+03
2.190890890000000127e+03 1.056303999999999910e+00 5.973995520000000397e+03
2.193843840000000000e+03 1.056514090000000072e+00 5.982043800000000374e+03
2.196796800000000076e+03 1.056722509999999948e+00 5.990092080000000351e+03
2.199749749999999949e+03 1.056929290000000021e+00 5.998140360000000328e+03
2.202702699999999822e+03 1.057134470000000048e+00 6.006188640000000305e+03
2.205655659999999898e+03 1.057338050000000029e+00 6.014236909999999625e+03
2.208608610000000226e+03 1.057540080000000104e+00 6.022285189999999602e+03
2.211561560000000100e+03 1.057740590000000092e+00 6.030333469999999579e+03
2.214514509999999973e+03 1.057939589999999930e+00 6.038381749999999556e+03
2.217467470000000048e+03 1.058137110000000103e+00 6.046430030000000443e+03
2.220420419999999922e+03 1.058333189999999924e+00 6.054478310000000420e+03
2.223373369999999795e+03 1.058527839999999998e+00 6.062526590000000397e+03
2.226326329999999871e+03 1.058721089999999920e+00 6.070574870000000374e+03
2.229279280000000199e+03 1.058912960000000014e+00 6.078623150000000351e+03
2.232232230000000072e+03 1.059103490000000036e+00 6.086671419999999671e+03
2.235185190000000148e+03 1.059292689999999926e+00 6.094719699999999648e+03
2.238138140000000021e+03 1.059480589999999944e+00 6.102767979999999625e+03
2.241091089999999895e+03 1.059667209999999971e+00 6.110816259999999602e+03
2.244044040000000223e+03 1.059852559999999944e+00 6.118864539999999579e+03
2.246996999999999844e+03 1.060036690000000004e+00 6.126912819999999556e+03
2.249949950000000172e+03 1.060219589999999990e+00 6.134961100000000442e+03
2.252902900000000045e+03 1.060401310000000041e+00 6.143009369999999763e+03
2.255855860000000121e+03 1.060581839999999998e+00 6.151057649999999740e+03
2.258808809999999994e+03 1.060761220000000060e+00 6.159105929999999717e+03
2.261761759999999867e+03 1.060939470000000107e+00 6.167154209999999694e+03
2.264714710000000196e+03 1.061116600000000076e+00 6.175202489999999671e+03
2.267667669999999816e+03 1.061292619999999909e+00 6.183250769999999648e+03
2.270620620000000145e+03 1.061467570000000027e+00 6.191299049999999625e+03
2.273573570000000018e+03 1.061641449999999987e+00 6.199347319999999854e+03
2.276526530000000093e+03 1.061814280000000110e+00 6.207395599999999831e+03
2.279479479999999967e+03 1.061986089999999994e+00 6.215443879999999808e+03
2.282432429999999840e+03 1.062156880000000081e+00 6.223492159999999785e+03
2.285385389999999916e+03 1.062326679999999968e+00 6.231540439999999762e+03
2.288338339999999789e+03 1.062495490000000098e+00 6.239588719999999739e+03
2.291291290000000117e+03 1.062663350000000007e+00 6.247636999999999716e+03
2.294244239999999991e+03 1.062830249999999976e+00 6.255685269999999946e+03
2.297197200000000066e+03 1.062996220000000047e+00 6.263733549999999923e+03
2.300150149999999940e+03 1.063161269999999936e+00 6.271781829999999900e+03
2.303103099999999813e+03 1.063325419999999966e+00 6.279830109999999877e+03
2.306056059999999889e+03 1.063488680000000075e+00 6.287878389999999854e+03
2.309009010000000217e+03 1.063651069999999921e+00 6.295926669999999831e+03
2.311961960000000090e+03 1.063812589999999947e+00 6.303974940000000061e+03
2.314914909999999963e+03 1.063973269999999971e+00 6.312023220000000038e+03
2.317867870000000039e+03 1.064133119999999932e+00 6.320071500000000015e+03
2.320820819999999912e+03 1.064292140000000053e+00 6.328119779999999992e+03
2.323773769999999786e+03 1.064450349999999990e+00 6.336168059999999969e+03
2.326726729999999861e+03 1.064607770000000064e+00 6.344216330000000198e+03
2.329679680000000189e+03 1.064764400000000055e+00 6.352264610000000175e+03
2.332632630000000063e+03 1.064920249999999902e+00 6.360312890000000152e+03
2.335585590000000138e+03 1.065075339999999926e+00 6.368361170000000129e+03
2.338538540000000012e+03 1.065229669999999906e+00 6.376409450000000106e+03
2.341491489999999885e+03 1.065383259999999943e+00 6.384457730000000083e+03
2.344444440000000213e+03 1.065536119999999976e+00 6.392506000000000313e+03
2.347397399999999834e+03 1.065688250000000004e+00 6.400554280000000290e+03
2.350350350000000162e+03 1.065839669999999906e+00 6.408602560000000267e+03
2.353303300000000036e+03 1.065990390000000065e+00 6.416650840000000244e+03
2.356256260000000111e+03 1.066140410000000038e+00 6.424699120000000221e+03
2.359209209999999985e+03 1.066289739999999986e+00 6.432747390000000451e+03
2.362162159999999858e+03 1.066438400000000009e+00 6.440795670000000428e+03
2.365115119999999933e+03 1.066586390000000106e+00 6.448843950000000405e+03
2.368068069999999807e+03 1.066733729999999936e+00 6.456892230000000382e+03
2.371021020000000135e+03 1.066880410000000001e+00 6.464940510000000359e+03
2.373973970000000008e+03 1.067026449999999960e+00 6.472988779999999679e+03
2.376926930000000084e+03 1.067171869999999911e+00 6.481037059999999656e+03
2.379879879999999957e+03 1.067316649999999978e+00 6.489085339999999633e+03
2.382832829999999831e+03 1.067460819999999977e+00 6.497133619999999610e+03
2.385785789999999906e+03 1.067604379999999908e+00 6.505181899999999587e+03
2.388738739999999780e+03 1.067747339999999934e+00 6.513230169999999816e+03
2.391691690000000108e+03 1.067889700000000053e+00 6.521278449999999793e+03
2.394644639999999981e+03 1.068031469999999983e+00 6.529326729999999770e+03
2.397597600000000057e+03 1.068172649999999946e+00 6.537375009999999747e+03
2.400550549999999930e+03 1.068313260000000042e+00 6.545423279999999977e+03
2.403503499999999804e+03 1.068453290000000111e+00 6.553471559999999954e+03
2.406456459999999879e+03 1.068592750000000091e+00 6.561519839999999931e+03
2.409409410000000207e+03 1.068731649999999922e+00 6.569568119999999908e+03
2.412362360000000081e+03 1.068869990000000048e+00 6.577616399999999885e+03
2.415315320000000156e+03 1.069007770000000024e+00 6.585664670000000115e+03
2.418268270000000030e+03 1.069145000000000012e+00 6.593712950000000092e+03
2.421221219999999903e+03 1.069281689999999951e+00 6.601761230000000069e+03
2.424174169999999776e+03 1.069417819999999963e+00 6.609809510000000046e+03
2.427127129999999852e+03 1.069553409999999927e+00 6.617857780000000275e+03
2.430080080000000180e+03 1.069688470000000002e+00 6.625906060000000252e+03
2.433033030000000053e+03 1.069822980000000090e+00 6.633954340000000229e+03
2.435985990000000129e+03 1.069956960000000068e+00 6.642002620000000206e+03
2.438938940000000002e+03 1.070090409999999936e+00 6.650050900000000183e+03
2.441891889999999876e+03 1.070223319999999978e+00 6.658099170000000413e+03
2.444844840000000204e+03 1.070355699999999910e+00 6.666147450000000390e+03
2.447797799999999825e+03 1.070487559999999894e+00 6.674195730000000367e+03
2.450750750000000153e+03 1.070618889999999990e+00 6.682244010000000344e+03
2.453703700000000026e+03 1.070749680000000037e+00 6.690292279999999664e+03
2.456656660000000102e+03 1.070879949999999914e+00 6.698340559999999641e+03
2.459609609999999975e+03 1.071009700000000064e+00 6.706388839999999618e+03
2.462562559999999849e+03 1.071138920000000105e+00 6.714437119999999595e+03
2.465515519999999924e+03 1.071267610000000037e+00 6.722485389999999825e+03
2.468468469999999797e+03 1.071395770000000081e+00 6.730533669999999802e+03
2.471421420000000126e+03 1.071523409999999954e+00 6.738581949999999779e+03
2.474374369999999999e+03 1.071650519999999940e+00 6.746630229999999756e+03
2.477327330000000075e+03 1.071777100000000038e+00 6.754678499999999985e+03
2.480280279999999948e+03 1.071903159999999966e+00 6.762726779999999962e+03
2.483233229999999821e+03 1.072028680000000067e+00 6.770775059999999939e+03
2.486186189999999897e+03 1.072153659999999897e+00 6.778823339999999916e+03
2.489139140000000225e+03 1.072278120000000001e+00 6.786871610000000146e+03
2.492092090000000098e+03 1.072402029999999895e+00 6.794919890000000123e+03
2.495045050000000174e+03 1.072525409999999901e+00 6.802968170000000100e+03
2.497998000000000047e+03 1.072648239999999920e+00 6.811016450000000077e+03
2.500950949999999921e+03 1.072770519999999950e+00 6.819064720000000307e+03
2.503903899999999794e+03 1.072892249999999992e+00 6.827113000000000284e+03
2.506856859999999870e+03 1.073013430000000046e+00 6.835161280000000261e+03
2.509809810000000198e+03 1.073134049999999950e+00 6.843209549999999581e+03
2.512762760000000071e+03 1.073254090000000049e+00 6.851257829999999558e+03
2.515715720000000147e+03 1.073373569999999999e+00 6.859306110000000444e+03
2.518668670000000020e+03 1.073492469999999921e+00 6.867354390000000421e+03
2.521621619999999893e+03 1.073610790000000037e+00 6.875402659999999742e+03
2.524574570000000222e+03 1.073728519999999964e+00 6.883450939999999719e+03
2.527527529999999842e+03 1.073845649999999985e+00 6.891499219999999696e+03
2.530480480000000171e+03 1.073962180000000100e+00 6.899547499999999673e+03
2.533433430000000044e+03 1.074078110000000086e+00 6.907595769999999902e+03
2.536386390000000119e+03 1.074193420000000065e+00 6.915644049999999879e+03
2.539339339999999993e+03 1.074308110000000038e+00 6.923692329999999856e+03
2.542292289999999866e+03 1.074422180000000004e+00 6.931740600000000086e+03
2.545245249999999942e+03 1.074535620000000025e+00 6.939788880000000063e+03
2.548198199999999815e+03 1.074648409999999998e+00 6.947837160000000040e+03
2.551151150000000143e+03 1.074760570000000026e+00 6.955885440000000017e+03
2.554104100000000017e+03 1.074872070000000068e+00 6.963933710000000247e+03
2.557057060000000092e+03 1.074982909999999903e+00 6.971981990000000224e+03
2.560010009999999966e+03 1.075093089999999973e+00 6.980030270000000201e+03
2.562962959999999839e+03 1.075202589999999958e+00 6.988078540000000430e+03
2.565915919999999915e+03 1.075311410000000079e+00 6.996126820000000407e+03
2.568868869999999788e+03 1.075419539999999952e+00 7.004175100000000384e+03
2.571821820000000116e+03 1.075526959999999921e+00 7.012223380000000361e+03
2.574774769999999990e+03 1.075633679999999925e+00 7.020271649999999681e+03
2.577727730000000065e+03 1.075739669999999926e+00 7.028319929999999658e+03
2.580680679999999938e+03 1.075844919999999982e+00 7.036368209999999635e+03
2.583633629999999812e+03 1.075949440000000035e+00 7.044416479999999865e+03
2.586586589999999887e+03 1.076053190000000104e+00 7.052464759999999842e+03
2.589539540000000216e+03 1.076156169999999968e+00 7.060513039999999819e+03
2.592492490000000089e+03 1.076258369999999909e+00 7.068561319999999796e+03
2.595445450000000164e+03 1.076359770000000049e+00 7.076609590000000026e+03
2.598398400000000038e+03 1.076460369999999944e+00 7.084657870000000003e+03
2.601351349999999911e+03 1.076560149999999938e+00 7.092706149999999980e+03
2.604304299999999785e+03 1.076659089999999930e+00 7.100754420000000209e+03
2.607257259999999860e+03 1.076757200000000081e+00 7.108802700000000186e+03
2.610210210000000188e+03 1.076854449999999908e+00 7.116850980000000163e+03
2.613163160000000062e+03 1.076950840000000076e+00 7.124899250000000393e+03
2.616116120000000137e+03 1.077046350000000041e+00 7.132947530000000370e+03
2.619069070000000011e+03 1.077140970000000086e+00 7.140995810000000347e+03
2.622022019999999884e+03 1.077234709999999929e+00 7.149044079999999667e+03
2.624974970000000212e+03 1.077327530000000033e+00 7.157092359999999644e+03
2.627927929999999833e+03 1.077419439999999895e+00 7.165140639999999621e+03
2.630880880000000161e+03 1.077510430000000019e+00 7.173188919999999598e+03
2.633833830000000034e+03 1.077600480000000083e+00 7.181237189999999828e+03
2.636786790000000110e+03 1.077689590000000086e+00 7.189285469999999805e+03
2.639739739999999983e+03 1.077777739999999929e+00 7.197333749999999782e+03
2.642692689999999857e+03 1.077864919999999893e+00 7.205382020000000011e+03
2.645645649999999932e+03 1.077951129999999980e+00 7.213430299999999988e+03
2.648598599999999806e+03 1.078036339999999926e+00 7.221478579999999965e+03
2.651551550000000134e+03 1.078120570000000056e+00 7.229526850000000195e+03
2.654504500000000007e+03 1.078203779999999945e+00 7.237575130000000172e+03
2.657457460000000083e+03 1.078285970000000038e+00 7.245623410000000149e+03
2.660410409999999956e+03 1.078367139999999891e+00 7.253671680000000379e+03
2.663363359999999830e+03 1.078447270000000069e+00 7.261719960000000356e+03
2.666316319999999905e+03 1.078526349999999967e+00 7.269768240000000333e+03
2.669269269999999779e+03 1.078604370000000090e+00 7.277816509999999653e+03
2.672222220000000107e+03 1.078681320000000055e+00 7.285864789999999630e+03
2.675175180000000182e+03 1.078757200000000083e+00 7.293913069999999607e+03
2.678128130000000056e+03 1.078832000000000013e+00 7.301961339999999836e+03
2.681081079999999929e+03 1.078905699999999968e+00 7.310009619999999813e+03
2.684034029999999802e+03 1.078978310000000107e+00 7.318057899999999790e+03
2.686986989999999878e+03 1.079049810000000109e+00 7.326106170000000020e+03
2.689939940000000206e+03 1.079120199999999974e+00 7.334154449999999997e+03
2.692892890000000079e+03 1.079189469999999984e+00 7.342202729999999974e+03
2.695845850000000155e+03 1.079257619999999918e+00 7.350251000000000204e+03
2.698798800000000028e+03 1.079324640000000057e+00 7.358299280000000181e+03
2.701751749999999902e+03 1.079390529999999959e+00 7.366347560000000158e+03
2.704704699999999775e+03 1.079455290000000067e+00 7.374395830000000387e+03
2.707657659999999851e+03 1.079518909999999998e+00 7.382444110000000364e+03
2.710610610000000179e+03 1.079581389999999974e+00 7.390492390000000341e+03
2.713563560000000052e+03 1.079642720000000056e+00 7.398540659999999662e+03
2.716516520000000128e+03 1.079702909999999960e+00 7.406588939999999639e+03
2.719469470000000001e+03 1.079761959999999910e+00 7.414637219999999616e+03
2.722422419999999875e+03 1.079819859999999965e+00 7.422685489999999845e+03
2.725375379999999950e+03 1.079876620000000065e+00 7.430733769999999822e+03
2.728328329999999823e+03 1.079932239999999988e+00 7.438782049999999799e+03
2.731281280000000152e+03 1.079986719999999956e+00 7.446830320000000029e+03
2.734234230000000025e+03 1.080040059999999968e+00 7.454878600000000006e+03
2.737187190000000101e+03 1.080092260000000026e+00 7.462926879999999983e+03
2.740140139999999974e+03 1.080143340000000007e+00 7.470975150000000212e+03
2.743093089999999847e+03 1.080193289999999973e+00 7.479023430000000189e+03
2.746046049999999923e+03 1.080242120000000083e+00 7.487071710000000166e+03
2.748998999999999796e+03 1.080289840000000057e+00 7.495119980000000396e+03
2.751951950000000124e+03 1.080336449999999893e+00 7.503168260000000373e+03
2.754904899999999998e+03 1.080381959999999975e+00 7.511216529999999693e+03
2.757857860000000073e+03 1.080426380000000020e+00 7.519264809999999670e+03
2.760810809999999947e+03 1.080469729999999906e+00 7.527313089999999647e+03
2.763763759999999820e+03 1.080511999999999917e+00 7.535361359999999877e+03
2.766716719999999896e+03 1.080553209999999931e+00 7.543409639999999854e+03
2.769669670000000224e+03 1.080593380000000048e+00 7.551457919999999831e+03
2.772622620000000097e+03 1.080632510000000046e+00 7.559506190000000061e+03
2.775575580000000173e+03 1.080670610000000087e+00 7.567554470000000038e+03
2.778528530000000046e+03 1.080707700000000049e+00 7.575602750000000015e+03
2.781481479999999920e+03 1.080743800000000032e+00 7.583651020000000244e+03
2.784434429999999793e+03 1.080778910000000037e+00 7.591699300000000221e+03
2.787387389999999868e+03 1.080813060000000103e+00 7.599747570000000451e+03
2.790340340000000197e+03 1.080846250000000008e+00 7.607795850000000428e+03
2.793293290000000070e+03 1.080878510000000015e+00 7.615844130000000405e+03
2.796246250000000146e+03 1.080909839999999900e+00 7.623892399999999725e+03
2.799199200000000019e+03 1.080940280000000087e+00 7.631940679999999702e+03
2.802152149999999892e+03 1.080969829999999909e+00 7.639988959999999679e+03
2.805105109999999968e+03 1.080998509999999913e+00 7.648037229999999909e+03
2.808058059999999841e+03 1.081026330000000035e+00 7.656085509999999886e+03
2.811011010000000169e+03 1.081053309999999934e+00 7.664133789999999863e+03
2.813963960000000043e+03 1.081079469999999931e+00 7.672182060000000092e+03
2.816916920000000118e+03 1.081104819999999966e+00 7.680230340000000069e+03
2.819869869999999992e+03 1.081129390000000079e+00 7.688278610000000299e+03
2.822822819999999865e+03 1.081153189999999986e+00 7.696326890000000276e+03
2.825775779999999941e+03 1.081176249999999950e+00 7.704375170000000253e+03
2.828728729999999814e+03 1.081198569999999970e+00 7.712423439999999573e+03
2.831681680000000142e+03 1.081220180000000086e+00 7.720471719999999550e+03
2.834634630000000016e+03 1.081241099999999955e+00 7.728520000000000437e+03
2.837587590000000091e+03 1.081261339999999960e+00 7.736568269999999757e+03
2.840540539999999964e+03 1.081280919999999979e+00 7.744616549999999734e+03
2.843493489999999838e+03 1.081299859999999891e+00 7.752664819999999963e+03
2.846446449999999913e+03 1.081318180000000018e+00 7.760713099999999940e+03
2.849399399999999787e+03 1.081335900000000017e+00 7.768761379999999917e+03
2.852352350000000115e+03 1.081353020000000109e+00 7.776809650000000147e+03
2.855305310000000190e+03 1.081369569999999891e+00 7.784857930000000124e+03
2.858258260000000064e+03 1.081385569999999907e+00 7.792906200000000354e+03
2.861211209999999937e+03 1.081401030000000096e+00 7.800954480000000331e+03
2.864164159999999811e+03 1.081415969999999893e+00 7.809002760000000308e+03
2.867117119999999886e+03 1.081430399999999903e+00 7.817051029999999628e+03
2.870070070000000214e+03 1.081444340000000004e+00 7.825099309999999605e+03
2.873023020000000088e+03 1.081457810000000075e+00 7.833147589999999582e+03
2.875975980000000163e+03 1.081470820000000055e+00 7.841195859999999811e+03
2.878928930000000037e+03 1.081483380000000105e+00 7.849244139999999788e+03
2.881881879999999910e+03 1.081495499999999943e+00 7.857292410000000018e+03
2.884834829999999783e+03 1.081507219999999991e+00 7.865340689999999995e+03
2.887787789999999859e+03 1.081518519999999928e+00 7.873388969999999972e+03
2.890740740000000187e+03 1.081529439999999953e+00 7.881437240000000202e+03
2.893693690000000061e+03 1.081539980000000067e+00 7.889485520000000179e+03
2.896646650000000136e+03 1.081550149999999988e+00 7.897533790000000408e+03
2.899599600000000009e+03 1.081559979999999976e+00 7.905582070000000385e+03
2.902552549999999883e+03 1.081569460000000094e+00 7.913630350000000362e+03
2.905505509999999958e+03 1.081578609999999996e+00 7.921678619999999682e+03
2.908458459999999832e+03 1.081587440000000067e+00 7.929726899999999659e+03
2.911411410000000160e+03 1.081595969999999962e+00 7.937775169999999889e+03
2.914364360000000033e+03 1.081604189999999965e+00 7.945823449999999866e+03
2.917317320000000109e+03 1.081612140000000055e+00 7.953871729999999843e+03
2.920270269999999982e+03 1.081619799999999909e+00 7.961920000000000073e+03
2.923223219999999856e+03 1.081627200000000011e+00 7.969968280000000050e+03
2.926176179999999931e+03 1.081634339999999916e+00 7.978016550000000279e+03
2.929129129999999805e+03 1.081641230000000009e+00 7.986064830000000256e+03
2.932082080000000133e+03 1.081647889999999945e+00 7.994113110000000233e+03
2.935035040000000208e+03 1.081654310000000008e+00 8.002161379999999554e+03
2.937987990000000082e+03 1.081660510000000075e+00 8.010209660000000440e+03
2.940940939999999955e+03 1.081666489999999925e+00 8.018257929999999760e+03
2.943893889999999828e+03 1.081672259999999941e+00 8.026306209999999737e+03
2.946846849999999904e+03 1.081677840000000002e+00 8.034354489999999714e+03
2.949799799999999777e+03 1.081683219999999945e+00 8.042402759999999944e+03
2.952752750000000106e+03 1.081688409999999934e+00 8.050451039999999921e+03
2.955705710000000181e+03 1.081693430000000067e+00 8.058499310000000150e+03
2.958658660000000054e+03 1.081698269999999962e+00 8.066547590000000127e+03
2.961611609999999928e+03 1.081702940000000002e+00 8.074595870000000104e+03
2.964564559999999801e+03 1.081707449999999904e+00 8.082644140000000334e+03
2.967517519999999877e+03 1.081711810000000051e+00 8.090692420000000311e+03
2.970470470000000205e+03 1.081716010000000061e+00 8.098740689999999631e+03
2.973423420000000078e+03 1.081720070000000034e+00 8.106788969999999608e+03
2.976376380000000154e+03 1.081723989999999969e+00 8.114837239999999838e+03
2.979329330000000027e+03 1.081727780000000028e+00 8.122885519999999815e+03
2.982282279999999901e+03 1.081731439999999989e+00 8.130933799999999792e+03
2.985235239999999976e+03 1.081734970000000073e+00 8.138982070000000022e+03
2.988188189999999850e+03 1.081738379999999999e+00 8.147030349999999999e+03
2.991141140000000178e+03 1.081741669999999989e+00 8.155078620000000228e+03
2.994094090000000051e+03 1.081744859999999919e+00 8.163126900000000205e+03
2.997047050000000127e+03 1.081747929999999913e+00 8.171175180000000182e+03
3.000000000000000000e+03 1.081750900000000071e+00 8.179225499999999556e+03
